6416 7411 7117 8082 2467 4555 9806 9494 1300 8341 3248 3191 1099 9551 5550 2483 2979 1737 6390 3598 3544 4852 1853 9589 5761 340 3833 8773 1681 5542 4493 8221 9312 9863 9383 2974 2517 7694 91 3655 8674 3810 4007 8106 2504 8118 4591 6071 7553 7323 
5865 4931 8081 3940 3504 7547 540 6172 404 6848 9398 5993 7842 5307 4907 3717 4680 6885 5123 8700 7081 7693 3663 7847 7262 6706 9837 1348 7065 1770 863 4924 9734 8843 7810 8692 2815 3937 5770 3678 2064 4514 7653 5422 4740 1799 9534 1081 9216 7828 
3626 3292 187 4568 2620 596 8100 632 9402 7718 7822 4615 4841 3902 6015 3535 2106 8241 6074 9187 7433 3823 5158 520 7480 1458 8432 7384 1375 8445 9186 8784 5462 1330 8277 3041 201 255 5242 9640 4268 4129 4758 2742 9016 4638 991 6735 7826 5754 
6065 1998 5785 5344 8827 1697 3362 2553 9320 2301 4155 8093 1795 5942 1164 7058 752 429 1344 4152 6045 465 7300 9770 7369 2615 1131 9471 1922 2236 1584 5168 5131 1851 5845 5718 6942 2019 1490 3906 8840 1013 6350 7174 5622 1305 9061 3720 4331 4484 
3190 1735 2416 3694 3775 921 6855 4480 5679 1175 3166 4934 7443 7899 1885 1076 5347 2275 1200 6432 8558 548 6231 3958 9356 276 1079 8335 8284 1916 2542 9362 189 9346 9979 7408 3328 1422 9822 2345 9363 3469 3258 9126 4604 7204 740 8185 7998 7572 
5032 2050 1653 5588 1201 5163 5095 7432 9456 7524 7168 8417 9779 8025 2891 8063 3181 6695 7700 4435 9366 4430 9844 3690 3197 6621 6201 2196 6553 7783 727 1244 8813 8047 6643 929 7882 8195 26 9077 6068 4418 5109 2362 5613 4705 4888 8460 6005 1212 
9578 1170 5028 7713 5625 3244 4818 3822 2324 231 5579 5440 2015 4726 7788 7692 4573 2768 1721 1565 3217 2316 7809 2680 4044 6875 5413 2315 5541 431 2167 9441 8922 8726 2141 9857 8956 3624 1708 6806 3580 9475 9751 3406 7945 8326 6827 97 878 6240 
4674 3933 2377 8846 9057 7580 3152 7236 7186 1627 7305 6980 5394 9254 1819 1229 1070 9025 5801 2060 1787 4933 8612 2690 1238 5259 1990 6894 9330 4723 6514 1205 2949 5980 749 3552 4379 3228 5121 2402 2506 2883 2176 773 168 3978 5945 5507 8698 2593 
6487 6585 9243 9932 6652 5459 5952 1102 8729 1130 9176 1515 5282 1354 2888 1301 6197 5165 7486 565 8872 5213 4547 5749 7622 2861 5838 7254 5130 2399 9825 9002 1852 6494 4698 9632 9403 1704 4905 1261 3561 4531 9611 266 44 7009 1478 8117 4482 1665 
8486 8131 5930 8380 9298 8006 2886 3202 4111 5802 2802 5315 5602 7402 1967 3235 1463 646 43 6965 1620 2904 6500 7240 2299 1586 1157 8812 4414 6110 8202 9151 1074 5855 1762 408 2607 5340 2358 9564 2471 9949 3226 5309 8325 4976 2778 7210 5144 8128 
9571 2525 3537 10 3781 344 3398 7689 2227 3484 5632 5611 2078 2787 7331 3553 2633 4316 4203 8196 5598 666 4153 4569 3305 9639 905 7016 8152 2277 7371 5371 2977 3842 5788 9042 2083 2995 6433 7656 8009 3738 6702 2958 8719 7568 3459 5076 5334 192 
430 5360 6149 5477 7946 8275 7184 7237 7124 2425 6723 5308 2217 3494 7994 3716 5758 4947 3590 1706 9351 4419 2793 6193 3375 8650 4838 236 1707 800 2043 5961 5173 7996 5809 7104 5461 1960 9324 8164 8803 6692 7478 4081 4417 4830 416 7846 5692 8099 
4936 2777 9067 5847 8109 7121 7786 8005 7875 8679 6650 664 1214 3523 8850 6589 849 8102 4780 6667 2154 7530 7136 5913 9192 9020 3327 3113 3062 1587 1417 6629 3811 5177 2989 4935 7281 9049 7538 1418 2086 2837 4614 9828 6872 765 4961 3234 4699 683 
2128 6396 2711 9827 3715 1057 8424 1796 8050 1030 4983 8286 9120 7746 6569 2093 5824 9393 387 9417 3129 5129 9305 3915 1325 3165 295 6306 7719 7728 4094 643 4330 6283 6382 5760 3360 9900 2608 1425 1169 8529 5035 3140 3220 8113 4062 174 8779 2986 
606 1529 1938 6736 896 183 621 6611 7864 5857 109 4006 5124 264 6905 1871 8027 1847 4559 6174 692 6662 1685 478 6082 4671 7769 210 2561 3184 4609 9180 2783 3131 167 4212 1251 5712 7502 7303 3325 5194 8211 8522 7267 99 8676 9104 8338 6822 
5919 1185 9230 7313 2166 7785 7912 3177 679 9990 5255 2484 536 3588 4121 7320 9505 2954 6303 212 9012 6893 3755 4231 7036 6914 5966 9179 1677 4181 2737 2442 323 2905 794 1428 7911 5188 1026 5949 449 55 2498 2980 787 8683 4177 5424 2623 8080 
6921 4295 458 5350 1528 1882 647 573 7995 5748 5378 9731 6481 388 1982 474 1933 8484 9449 9191 3326 4825 2046 2034 8904 9628 6709 6519 626 2820 2065 2726 3232 3808 5819 7093 1064 2714 3284 579 9440 5050 2057 6309 5463 7289 3269 4063 6996 8457 
1823 5693 8775 4683 7165 1316 79 2454 9484 7444 4939 5489 4742 4069 7418 9394 5929 4458 7363 186 3948 1634 9954 3824 2596 2290 104 3543 6946 3304 9470 1815 7241 8570 7309 3455 2510 8229 9700 2314 6452 4114 3909 4600 5495 8479 6119 506 7395 4624 
3413 2013 2998 6880 4302 4263 3303 2551 4766 2427 3759 5799 2108 9966 6583 3801 1050 3522 2380 6029 3901 8171 5256 9606 7385 6517 1010 5329 6076 6688 4523 2177 1527 6575 6421 6086 4670 9807 1062 852 7578 1748 9998 6813 7760 9058 1636 6696 7935 4472 
7601 1541 56 3976 7917 5619 6332 2271 6404 5083 5475 1220 7980 8942 9885 2137 9877 869 6522 5418 6555 3616 7634 16 7659 592 7274 9608 2803 6407 2359 9336 7919 1901 6167 2225 5225 4892 3791 7135 1293 1573 5053 7094 8145 9357 9574 2712 8356 3260 
6869 3538 8310 5818 1226 7579 2944 7419 1816 6778 6766 2350 4162 5828 8752 2181 2008 8751 649 5365 5581 5 3821 6974 5034 6118 6574 8776 7445 7466 9086 52 6624 5159 7379 3290 9925 7015 1181 3162 454 5946 6732 115 9559 8518 701 71 9041 7062 
121 6839 1968 2131 3311 1861 6988 7147 2144 6267 4073 6341 9163 3817 7512 3454 2914 7316 3878 2382 8542 5253 2398 9662 5563 9670 7138 2683 7319 640 5759 9525 9709 8745 9166 8530 3606 2254 1450 7064 8556 4003 3256 9304 3689 1056 3654 4718 7334 8888 
6617 4584 1780 3000 2835 9114 3994 2220 5671 5920 7667 7574 7125 1268 4150 8559 1206 3645 7357 1824 8708 3251 4964 7639 5354 2279 2322 4459 3366 7498 572 6673 2502 3888 9155 4567 3778 7802 2084 663 8451 4319 459 6821 2868 6697 4721 9816 8970 116 
8200 7196 7455 3383 9626 7004 9415 8449 9644 226 8508 4453 3889 1269 4498 3507 4389 6858 1221 5604 6904 7532 6958 988 8480 6166 5250 583 9516 9498 2684 2160 5546 3457 6681 127 6395 3649 7583 7110 7476 1363 8494 8662 1598 4448 8354 9590 8174 5956 
4290 2142 6152 1159 9001 9993 141 8861 9557 1971 2357 2469 3468 1487 8737 9251 9673 6861 9686 4141 8348 3407 3128 8877 7743 7997 3456 1179 1227 3631 4247 4644 4729 9946 9973 7247 6141 6634 9201 5149 8156 6252 9726 5020 1740 8313 7212 2223 1379 7770 
2319 4623 8685 3569 3206 8374 758 6158 5052 6169 7550 9262 8067 7971 1509 3318 230 5701 341 4526 6185 6043 1758 2068 8110 6287 8823 2665 245 4106 5704 8695 9890 7182 8792 1041 6833 269 84 9738 8796 4474 1567 9280 3584 1121 2591 4942 8829 5202 
1831 1236 1605 2283 998 5221 678 3651 7556 4486 346 6115 2812 3919 2208 6892 6757 4686 2745 1582 898 1994 9460 602 312 2604 6866 3638 4794 8712 4032 9727 8312 6925 9210 9937 2097 8194 8969 6320 7148 5204 4971 8958 5573 1801 5735 8544 345 8602 
6145 233 7823 4562 8384 3667 6315 7763 1471 2129 5288 3271 587 9994 373 9208 4467 6311 2589 3895 8422 8614 9343 162 338 9917 2270 5436 6349 1372 883 11 7824 9182 7711 7575 6117 6680 9514 1061 4396 415 9127 462 3697 7109 6080 7253 812 2658 
1002 937 1951 6584 6626 4144 8089 7744 8585 537 6951 5405 3772 1925 3568 7494 2109 4639 805 7777 325 9043 8581 4046 3337 4633 1820 5958 3762 5775 4207 8834 6561 8915 2678 6644 7380 3802 918 6791 9975 1792 2573 6100 5476 8806 6358 7633 6944 5078 
2058 8230 5049 3531 9023 2984 2953 4998 7605 8997 319 893 3807 1531 9706 8123 625 9100 8453 3993 4856 9798 5386 218 6986 359 2368 7652 9752 7381 7948 6123 7399 318 5951 6194 3867 5765 7103 6266 2312 7223 7386 6779 5555 9 5800 6604 6450 370 
3965 8947 7781 1917 4422 8748 9396 5224 6007 4923 7039 8963 3547 305 6930 2698 3652 5877 3278 7085 8933 970 3382 7394 3151 3850 3596 4219 586 798 3092 5380 3279 4136 6027 4706 9095 795 7733 7296 2639 9549 1743 716 6698 8069 6926 1431 530 7355 
7249 4352 7028 4967 8681 8353 2212 9616 1889 2361 9503 6987 8270 2415 2715 714 7920 5744 4139 3643 8226 3424 7008 8761 1152 6844 5553 2926 2537 4862 6419 5302 4993 4950 6641 9856 7413 9381 2612 3607 2702 7251 4586 7038 3830 1862 3481 9141 3972 4469 
6323 4530 975 5944 3419 9675 7285 2895 2903 8016 7161 4410 3487 4387 7969 5127 4656 4093 7672 4343 7339 6675 7405 6243 7748 5866 8222 4030 4283 907 6333 1553 4027 3416 4432 2153 5105 6378 6104 706 8084 7463 4610 1256 6718 5415 2378 13 19 8512 
1668 7347 8278 6711 9753 814 7927 7992 9013 2784 4784 6619 1551 2248 9697 2595 9404 3420 5721 5062 4433 3218 6957 4733 576 7022 7245 350 4672 8754 2991 8090 3551 9854 2133 4957 8691 9791 5155 775 8659 9567 3533 6682 7243 9329 2999 8101 106 2116 
9576 4424 2496 5512 5237 1021 9124 2774 9350 5097 5656 2829 3295 2258 1362 8788 2946 2373 3352 8482 2173 6377 5902 5597 6908 5514 4588 2925 3460 4215 8008 9682 7233 9596 3949 66 6271 6937 7834 7146 1963 6070 824 2826 1180 5934 3112 7868 6516 7420 
8176 309 5986 5957 3289 3136 1518 5312 5160 9940 4551 1985 6440 113 2263 1896 6412 8644 2337 7889 6163 8952 5390 6020 6647 628 6042 3482 5630 3477 3275 844 5612 6771 9563 5527 2970 9133 5725 1966 9331 5059 3400 5077 3548 9495 3394 6976 5587 5169 
9714 1203 7806 437 8890 4951 9479 9810 915 4734 1846 6067 1800 4736 6479 8430 2645 9399 4816 9689 1295 3399 4920 8856 1577 6984 651 9648 5304 3298 4651 3405 70 4677 9939 6463 7838 6683 7268 3486 3370 4274 6374 5103 289 8502 5582 859 8245 5767 
7123 9695 4246 8020 6263 1626 9266 2080 9817 5560 1476 2485 8859 6460 4716 6205 9553 7005 1445 1883 4988 4912 8305 3815 6877 4502 8324 4251 2568 8875 2901 6832 9860 7978 7271 7239 2549 6670 722 2470 8739 1233 3952 8273 1409 3345 8964 7051 2527 23 
2576 7496 9472 6111 6168 3343 3975 7149 5811 7936 8083 2387 368 3480 9273 4909 3675 1569 8981 6582 7561 2206 7270 2085 7202 3057 1832 8797 6165 2646 5904 2947 3559 5487 6842 7918 5068 8392 3885 6851 736 2603 4697 3754 1752 8166 4120 7000 9499 648 
3473 9532 4787 3876 4225 2785 7053 1913 1089 6321 85 8414 5240 9732 6997 6658 8669 1414 3003 8835 4652 2432 8539 3389 3423 8365 6654 7321 9945 1207 8232 5359 1955 4848 8567 8660 3779 8713 1133 7436 7905 402 7702 2171 5297 9911 850 681 6220 3446 
4014 8540 1619 2091 2600 5584 118 3088 7082 1151 7863 3007 1174 1701 1460 9814 8421 4148 2572 641 2447 7474 9265 1512 7724 1977 886 7903 4782 7286 566 6215 1981 1286 8537 5964 3291 4438 3142 2541 9008 875 4217 891 8120 7001 8475 278 1691 2492 
2764 4754 3167 1038 6630 1276 7715 1761 8951 3768 5321 4918 6359 9062 9340 4090 424 1024 9941 1953 59 1857 1237 910 9687 2246 8780 5428 8535 4165 1103 4585 9064 699 3229 500 4946 2718 7042 4439 1338 2538 9704 5798 8217 33 185 157 7593 5013 
383 7206 9365 8519 806 9231 8601 2670 1275 472 8596 4535 9602 2364 9364 899 4802 2511 7850 9565 6541 2124 9093 9921 1727 5711 4760 8111 5702 2014 7982 3966 1358 4773 8732 3589 9927 1281 3348 6289 2852 5385 1345 7299 2414 147 2750 7342 3609 7374 
1394 1112 723 8858 662 3662 4326 8267 9581 4669 1384 2814 8774 3250 6465 2598 9200 4099 1263 8251 422 2622 3299 3281 4280 46 6763 7224 8043 1975 3862 9868 8526 8895 2584 6530 2548 8880 3566 9771 1563 9850 5729 1141 53 3173 1965 5218 96 440 
4884 494 7891 9088 6232 6754 8658 1481 8359 9527 2666 9117 5833 5663 8509 2449 191 4871 1548 4642 9755 841 3541 9968 904 166 9447 8909 6428 6280 4299 1182 739 7137 9382 1494 9437 6889 867 6824 7454 5232 1465 3835 8653 9224 375 1116 5141 6801 
2911 8454 9390 461 4175 3560 6411 9148 6265 7128 3740 8427 7974 3116 9631 639 3676 7815 1455 3999 8161 9981 5104 2775 1942 1134 9345 9177 6676 7482 4035 1380 6537 5757 82 7637 3365 728 6566 9888 4033 4057 466 7776 8240 1412 4267 2972 2381 7297 
2346 8343 944 1988 4781 2412 4619 9896 5492 3100 840 2182 574 8289 5025 5719 3744 1346 1288 8350 5892 8026 9831 1733 9948 9465 1561 2823 4513 2363 4289 3508 4335 2592 272 1393 7675 7584 2554 6810 6034 9278 9010 5928 2937 1290 5499 224 5284 779 
9158 7588 9468 1558 6934 6747 3635 8932 6672 5128 5888 7403 3614 145 4170 3169 2446 418 1533 9412 1899 3050 2007 217 2932 8851 321 8795 911 2245 4381 3485 4571 8814 6018 7506 556 4375 2743 4875 9135 4791 9227 1926 1547 4053 9733 9833 2020 3084 
4320 2929 3571 1184 2059 1764 8175 6304 7818 2325 3753 3587 1618 6218 3341 6591 6484 265 9995 7577 3586 1989 9929 8815 7892 6595 7169 1469 6039 3858 4510 8429 4158 935 8379 5669 8807 7279 6627 6124 2210 4810 1827 5317 1702 550 1246 9961 1260 9037 
5108 1581 1542 4323 5737 8694 2535 8705 5720 8303 9110 5423 4404 5376 2001 9476 492 6254 5000 7217 7075 6016 6023 2339 9561 766 4466 6453 4772 9834 8272 6097 5873 4580 9849 6571 8728 2457 570 2330 4276 8481 8982 8357 2032 1421 4042 2066 8989 9544 
